1 1 1 1 1
2 1 1 1 1
3 1 1 1 2
4 1 1 1 2
5 1 1 1 3
6 1 1 1 3
7 1 1 2 1
8 1 1 2 1
9 1 1 2 2
10 1 1 2 2
11 1 1 2 3
12 1 1 2 3
13 1 1 3 1
14 1 1 1 1
15 1 1 3 1
16 1 1 3 2
17 1 1 3 2
18 1 1 3 3
19 1 1 3 3
20 1 2 1 1
21 1 2 1 1
22 1 2 1 2
23 1 2 1 2
24 1 2 1 3
25 1 1 3 3
26 1 2 1 3
27 1 2 2 1
28 1 2 2 1
29 1 2 2 2
30 1 2 2 2
31 1 2 2 3
32 1 2 2 3
33 1 2 3 1
34 1 2 3 1
35 1 2 3 2
36 1 2 3 2
37 1 2 3 3
38 1 2 3 2
39 1 2 3 3
40 2 1 1 1
41 2 1 1 1
42 2 1 1 2
43 2 1 1 2
44 2 1 1 3
45 2 1 1 3
46 2 1 2 1
47 2 1 2 1
48 2 1 2 2
49 2 1 2 2
50 2 1 2 3
51 2 1 2 3
52 2 1 3 1
53 2 1 3 1
54 2 1 3 2
55 2 1 3 2
56 2 1 3 3
57 2 1 3 3
58 2 2 1 1
59 2 2 1 1
60 2 2 1 2
61 2 2 1 2
62 2 2 1 3
63 2 2 1 3
64 2 2 2 1
65 2 2 2 1
66 2 2 2 2
67 2 2 2 2
68 2 2 2 3
69 2 2 2 3
70 2 2 2 3
71 2 2 3 1
72 2 2 3 1
73 2 2 3 2
74 2 2 3 2
75 2 2 3 3
76 2 2 3 3
77 3 1 1 1
78 3 1 1 1
79 3 1 1 2
80 3 1 1 2
81 3 1 1 3
82 3 1 1 3
83 3 1 2 1
84 3 1 2 1
85 3 1 2 2
86 3 1 1 1
87 3 1 2 2
88 3 1 2 3
89 3 1 2 3
90 2 1 1 2
91 3 1 3 1
92 3 1 3 1
93 3 1 3 2
94 3 1 3 2
95 3 1 3 3
96 3 1 3 3
97 3 2 1 1
98 3 2 1 1
99 3 2 1 2
100 3 2 1 2
101 3 2 1 3
102 3 2 1 3
103 3 2 2 1
104 3 2 2 1
105 3 2 2 2
106 3 2 2 2
107 3 2 2 3
108 3 2 2 3
109 3 2 3 1
110 3 2 3 1
111 3 2 3 2
112 3 2 3 2
113 2 1 2 2
114 3 2 3 3
115 3 2 3 3
116 2 1 3 1
117 2 2 2 2
118 1 2 3 1
119 1 2 3 3
120 2 1 1 3
121 2 2 2 1
122 2 2 3 2
123 3 1 1 2
124 3 2 3 3
1 1 1 1 1
2 1 1 1 2
3 1 1 1 1
4 1 1 1 3
5 1 1 1 3
6 1 1 1 4
7 1 1 1 4
8 1 1 2 1
9 1 1 2 2
10 1 1 2 1
11 1 1 2 3
12 1 1 2 3
13 1 1 2 4
14 1 1 2 4
15 1 1 3 1
16 1 1 3 1
17 1 1 3 2
18 1 1 3 2
19 1 1 3 3
20 1 1 3 4
21 1 1 2 2
22 1 1 3 4
23 1 1 4 1
24 1 1 4 1
25 1 1 4 2
26 1 1 4 3
27 1 1 4 2
28 1 1 4 4
29 1 1 4 4
30 1 2 1 1
31 1 2 1 1
32 1 2 1 2
33 1 2 1 3
34 1 2 1 3
35 1 2 1 4
36 1 2 1 4
37 1 1 3 3
38 1 2 2 1
39 1 2 2 1
40 1 2 2 2
41 1 2 2 3
42 1 2 2 4
43 1 2 2 2
44 1 2 3 1
45 1 2 3 2
46 1 2 3 2
47 1 2 1 2
48 1 2 2 3
49 1 2 3 1
50 1 2 3 3
1 1 1 1 1
2 1 1 1 2
3 1 1 1 1
4 1 1 1 3
5 1 1 1 3
6 1 1 2 1
7 1 1 2 1
8 1 1 2 2
9 1 1 2 3
10 1 1 2 2
11 1 1 3 1
12 1 1 3 1
13 1 1 3 2
14 1 1 3 2
15 1 1 3 3
16 1 1 3 3
17 1 2 1 1
18 1 2 1 1
19 1 2 1 2
20 1 2 1 3
21 1 1 2 3
22 1 2 1 3
23 1 2 2 1
24 1 2 2 1
25 1 2 2 2
26 1 2 2 3
27 1 2 2 2
28 1 2 3 1
29 1 2 3 1
30 1 2 3 2
31 1 2 3 2
32 1 2 3 3
33 2 1 1 1
34 2 1 1 1
35 2 1 1 2
36 2 1 1 2
37 1 2 1 2
38 2 1 1 3
39 2 1 1 3
40 2 1 2 1
41 2 1 2 2
42 2 1 2 3
43 2 1 2 1
44 2 1 3 1
45 2 1 3 2
46 2 1 3 2
47 1 2 3 3
48 2 1 2 2
49 2 1 3 1
50 2 1 3 3
1 1 1 1 1
2 1 1 1 2
3 1 1 1 1
4 1 1 1 3
5 1 1 1 3
6 1 1 2 1
7 1 1 2 1
8 1 1 2 2
9 1 1 2 3
10 1 1 2 2
11 1 2 1 1
12 1 2 1 1
13 1 2 1 2
14 1 2 1 2
15 1 2 1 3
16 1 2 1 3
17 1 2 2 1
18 1 2 2 1
19 1 2 2 2
20 1 2 2 3
21 1 1 2 3
22 1 2 2 3
23 2 1 1 1
24 2 1 1 1
25 2 1 1 2
26 2 1 1 3
27 2 1 1 2
28 2 1 2 1
29 2 1 2 1
30 2 1 2 2
31 2 1 2 2
32 2 1 2 3
33 2 2 1 1
34 2 2 1 1
35 2 2 1 2
36 2 2 1 2
37 1 2 2 2
38 2 2 1 3
39 2 2 1 3
40 2 2 2 1
41 2 2 2 2
42 2 2 2 3
43 2 2 2 1
44 3 1 1 1
45 3 1 1 2
46 3 1 1 2
47 2 1 2 3
48 2 2 2 2
49 3 1 1 1
50 3 1 1 3
51 3 1 2 1
1 2 2 2 3
2 3 1 1 3
3 3 1 2 1
4 3 1 2 2
5 3 1 2 2
6 3 1 2 3
7 3 1 2 3
8 3 2 1 1
9 3 2 1 1
10 3 2 1 2
11 3 2 1 2
12 3 2 1 3
13 3 2 1 3
14 3 2 2 1
15 3 2 2 1
16 3 2 2 2
17 3 2 2 2
18 3 2 2 3
19 3 2 2 3
20 4 1 1 1
21 4 1 1 1
22 4 1 1 2
23 4 1 1 2
24 4 1 1 3
25 3 2 2 3
26 4 1 1 3
27 4 1 2 1
28 4 1 2 1
29 4 1 2 2
30 4 1 2 2
31 4 1 2 3
32 4 1 2 3
33 4 2 1 1
34 4 2 1 1
35 4 2 1 2
36 4 2 1 2
37 4 2 1 3
38 4 2 1 2
39 4 2 1 3
40 4 2 2 1
41 4 2 2 1
42 4 2 2 2
43 4 2 2 2
44 4 2 2 3
45 4 2 2 3
46 1 1 1 2
47 4 2 2 2
48 3 1 2 2
49 3 2 1 1
50 4 2 1 1
51 4 2 1 3
52 4 2 2 3
1 1 1 1 1
2 1 1 1 2
1 1 1 1 2
1 1 1 1 2
1 1 1 1 2
1 1 1 1 2
1 1 1 1 2
1 1 1 1 2
1 1 1 1 2
1 1 1 1 1
1 1 1 1 1
1 1 1 1 1
1 1 1 1 1
1 1 1 1 1
1 1 1 1 2
1 1 1 1 2
1 1 1 1 1
1 1 1 1 1
1 1 1 1 1
1 1 1 1 1
1 1 1 1 1
1 1 1 1 1
1 1 1 1 1
1 1 1 1 2
1 1 1 1 3
2 1 1 1 4
